/*
** Information about the tiger object
*/

#define tiger_views 16

static Picinfo tiger_picinfo[tiger_views] = {
	{ { {-4,0} },
	  { {-19,-17,19,-17,38,0,0.000000,-17,-19,-17,19,-17},
	    {19,-17,19,17,0,34,9999999.000000,-189999998,19,-17,19,17},
	    {19,17,-19,17,-38,0,0.000000,17,-19,17,19,17},
	    {-19,17,-19,-17,0,-34,-9999999.000000,-189999964,-19,-17,-19,17} } },
	{ { {-4,-2} },
	  { {-11,-23,24,-8,35,15,0.428571,-18,-11,-23,24,-8},
	    {24,-8,11,23,-13,31,-2.384615,49,11,-8,24,23},
	    {11,23,-24,8,-35,-15,0.428571,18,-24,8,11,23},
	    {-24,8,-11,-23,13,-31,-2.384615,-49,-24,-23,-11,8} } },
	{ { {-3,-3} },
	  { {-1,-25,25,1,26,26,1.000000,-24,-1,-25,25,1},
	    {25,1,1,25,-24,24,-1.000000,26,1,1,25,25},
	    {1,25,-25,-1,-26,-26,1.000000,24,-25,-1,1,25},
	    {-25,-1,-1,-25,24,-24,-1.000000,-26,-25,-25,-1,-1} } },
	{ { {-2,-4} },
	  { {8,-24,23,11,15,35,2.333333,-42,8,-24,23,11},
	    {23,11,-8,24,-31,13,-0.419355,20,-8,11,23,24},
	    {-8,24,-23,-11,-15,-35,2.333333,42,-23,-11,-8,24},
	    {-23,-11,8,-24,31,-13,-0.419355,-20,-23,-24,8,-11} } },
	{ { {0,-4} },
	  { {17,-19,17,19,0,38,9999999.000000,-170000002,17,-19,17,19},
	    {17,19,-17,19,-34,0,0.000000,19,-17,19,17,19},
	    {-17,19,-17,-19,0,-38,-9999999.000000,-169999964,-17,-19,-17,19},
	    {-17,-19,17,-19,34,0,0.000000,-19,-17,-19,17,-19} } },
	{ { {2,-4} },
	  { {23,-11,8,24,-15,35,-2.333333,42,8,-11,23,24},
	    {8,24,-23,11,-31,-13,0.419355,20,-23,11,8,24},
	    {-23,11,-8,-24,15,-35,-2.333333,-42,-23,-24,-8,11},
	    {-8,-24,23,-11,31,13,0.419355,-20,-8,-24,23,-11} } },
	{ { {3,-3} },
	  { {25,-1,-1,25,-26,26,-1.000000,24,-1,-1,25,25},
	    {-1,25,-25,1,-24,-24,1.000000,26,-25,1,-1,25},
	    {-25,1,1,-25,26,-26,-1.000000,-24,-25,-25,1,1},
	    {1,-25,25,-1,24,24,1.000000,-26,1,-25,25,-1} } },
	{ { {4,-2} },
	  { {24,8,-11,23,-35,15,-0.428571,18,-11,8,24,23},
	    {-11,23,-24,-8,-13,-31,2.384615,49,-24,-8,-11,23},
	    {-24,-8,11,-23,35,-15,-0.428571,-18,-24,-23,11,-8},
	    {11,-23,24,8,13,31,2.384615,-49,11,-23,24,8} } },
	{ { {4,0} },
	  { {19,17,-19,17,-38,0,0.000000,17,-19,17,19,17},
	    {-19,17,-19,-17,0,-34,-9999999.000000,-189999964,-19,-17,-19,17},
	    {-19,-17,19,-17,38,0,0.000000,-17,-19,-17,19,-17},
	    {19,-17,19,17,0,34,9999999.000000,-189999998,19,-17,19,17} } },
	{ { {4,2} },
	  { {11,23,-24,8,-35,-15,0.428571,18,-24,8,11,23},
	    {-24,8,-11,-23,13,-31,-2.384615,-49,-24,-23,-11,8},
	    {-11,-23,24,-8,35,15,0.428571,-18,-11,-23,24,-8},
	    {24,-8,11,23,-13,31,-2.384615,49,11,-8,24,23} } },
	{ { {3,3} },
	  { {1,25,-25,-1,-26,-26,1.000000,24,-25,-1,1,25},
	    {-25,-1,-1,-25,24,-24,-1.000000,-26,-25,-25,-1,-1},
	    {-1,-25,25,1,26,26,1.000000,-24,-1,-25,25,1},
	    {25,1,1,25,-24,24,-1.000000,26,1,1,25,25} } },
	{ { {2,4} },
	  { {-8,24,-23,-11,-15,-35,2.333333,42,-23,-11,-8,24},
	    {-23,-11,8,-24,31,-13,-0.419355,-20,-23,-24,8,-11},
	    {8,-24,23,11,15,35,2.333333,-42,8,-24,23,11},
	    {23,11,-8,24,-31,13,-0.419355,20,-8,11,23,24} } },
	{ { {0,4} },
	  { {-17,19,-17,-19,0,-38,-9999999.000000,-169999964,-17,-19,-17,19},
	    {-17,-19,17,-19,34,0,0.000000,-19,-17,-19,17,-19},
	    {17,-19,17,19,0,38,9999999.000000,-170000002,17,-19,17,19},
	    {17,19,-17,19,-34,0,0.000000,19,-17,19,17,19} } },
	{ { {-2,4} },
	  { {-23,11,-8,-24,15,-35,-2.333333,-42,-23,-24,-8,11},
	    {-8,-24,23,-11,31,13,0.419355,-20,-8,-24,23,-11},
	    {23,-11,8,24,-15,35,-2.333333,42,8,-11,23,24},
	    {8,24,-23,11,-31,-13,0.419355,20,-23,11,8,24} } },
	{ { {-3,3} },
	  { {-25,1,1,-25,26,-26,-1.000000,-24,-25,-25,1,1},
	    {1,-25,25,-1,24,24,1.000000,-26,1,-25,25,-1},
	    {25,-1,-1,25,-26,26,-1.000000,24,-1,-1,25,25},
	    {-1,25,-25,1,-24,-24,1.000000,26,-25,1,-1,25} } },
	{ { {-4,2} },
	  { {-24,-8,11,-23,35,-15,-0.428571,-18,-24,-23,11,-8},
	    {11,-23,24,8,13,31,2.384615,-49,11,-23,24,8},
	    {24,8,-11,23,-35,15,-0.428571,18,-11,8,24,23},
	    {-11,23,-24,-8,-13,-31,2.384615,49,-24,-8,-11,23} } }
};

static Picture tiger_pic[tiger_views] = {
      { 39, 35, 19, 17 },
      { 49, 46, 24, 22 },
      { 51, 51, 25, 25 },
      { 46, 49, 22, 24 } 
};

static Object tiger_obj = {
	"tiger",
	tiger_views,
	tiger_pic,
	1,			/* num_turrets */
	4,			/* num_segs */
	tiger_picinfo
};

static unsigned char tiger0_bits[] = {
    0xfe, 0x1f, 0x00, 0xfc, 0x3f, 0x45, 0x24, 0x00, 
    0x12, 0x51, 0x45, 0x24, 0x00, 0x12, 0x51, 0x45, 
    0x64, 0x00, 0x13, 0x51, 0x45, 0xa4, 0xe7, 0x12, 
    0x51, 0xfe, 0x1f, 0xfc, 0xfc, 0x3f, 0x1f, 0x00, 
    0xc0, 0x01, 0x60, 0x0f, 0xfe, 0x87, 0x0f, 0x7e, 
    0x07, 0x0f, 0x18, 0x1f, 0x7e, 0x86, 0x03, 0x20, 
    0x3e, 0x7e, 0x84, 0xe1, 0x43, 0x30, 0x3e, 0xc8, 
    0x18, 0x8c, 0x60, 0x1c, 0x50, 0x04, 0x10, 0x67, 
    0x1c, 0x60, 0x02, 0x20, 0xce, 0x0c, 0x20, 0x02, 
    0x20, 0xdc, 0x04, 0x20, 0x01, 0x40, 0x98, 0x04, 
    0x20, 0x01, 0x40, 0xb0, 0x04, 0x20, 0x81, 0x40, 
    0xb0, 0x04, 0x20, 0x01, 0x40, 0xb0, 0x04, 0x20, 
    0x01, 0x40, 0x98, 0x04, 0x20, 0x02, 0x20, 0xdc, 
    0x04, 0x60, 0x02, 0x20, 0xce, 0x0c, 0x50, 0x04, 
    0x10, 0x67, 0x1c, 0xc8, 0x18, 0x8c, 0x60, 0x1c, 
    0x84, 0xe1, 0x43, 0x30, 0x3e, 0x86, 0x03, 0x20, 
    0x3e, 0x7e, 0x07, 0x0f, 0x18, 0x1f, 0x7e, 0x0f, 
    0xfe, 0x87, 0x0f, 0x7e, 0x1f, 0x00, 0xc0, 0x01, 
    0x60, 0xfe, 0x1f, 0xfc, 0xfc, 0x3f, 0x45, 0xa4, 
    0xe7, 0x12, 0x51, 0x45, 0x64, 0x80, 0x13, 0x51, 
    0x45, 0x24, 0x00, 0x12, 0x51, 0x45, 0x24, 0x00, 
    0x12, 0x51, 0xfe, 0x1f, 0x00, 0xfc, 0x3f};

static unsigned char tiger1_bits[] = {
    0x00, 0x80, 0x03, 0x00, 0x00, 0x00, 0x00, 0x00, 
    0x80, 0x0e, 0x00, 0x00, 0x00, 0x00, 0x00, 0x40, 
    0x32, 0x00, 0x00, 0x00, 0x00, 0x00, 0x40, 0xd1, 
    0x01, 0x00, 0x00, 0x00, 0x00, 0x40, 0x89, 0x06, 
    0x00, 0x00, 0x00, 0x00, 0xf0, 0x89, 0x04, 0x00, 
    0x00, 0x00, 0x00, 0xf8, 0x47, 0x02, 0x00, 0x00, 
    0x00, 0x00, 0x38, 0x7c, 0x02, 0x00, 0x00, 0x00, 
    0x00, 0x08, 0xe0, 0x01, 0x00, 0x00, 0x00, 0x00, 
    0x08, 0x00, 0x0e, 0x70, 0x00, 0x00, 0x00, 0x10, 
    0x1c, 0x10, 0x88, 0x01, 0x00, 0x00, 0x10, 0xff, 
    0x20, 0x48, 0x0e, 0x00, 0x00, 0xe0, 0x01, 0xc3, 
    0x45, 0x34, 0x00, 0x00, 0x20, 0x00, 0x84, 0x67, 
    0xc4, 0x00, 0x00, 0x10, 0x7c, 0x88, 0x39, 0x42, 
    0x01, 0x00, 0x10, 0x83, 0x11, 0xc3, 0x22, 0x01, 
    0x00, 0x88, 0x00, 0x22, 0x0e, 0xa7, 0x00, 0x00, 
    0x48, 0x00, 0x44, 0x1c, 0xbc, 0x00, 0x00, 0x4c, 
    0x00, 0x44, 0x18, 0xb0, 0x00, 0x00, 0x24, 0x00, 
    0x88, 0x18, 0x66, 0x00, 0x00, 0x24, 0x00, 0x08, 
    0x11, 0x7e, 0x00, 0xe0, 0x27, 0x10, 0x08, 0x13, 
    0x3f, 0x00, 0x30, 0x24, 0x00, 0x08, 0x13, 0x1f, 
    0x00, 0x18, 0x24, 0x00, 0x08, 0x13, 0x07, 0x00, 
    0x38, 0x4c, 0x00, 0x04, 0x93, 0x03, 0x00, 0x38, 
    0x4c, 0x00, 0x04, 0x93, 0x00, 0x00, 0x7c, 0x8c, 
    0x00, 0x82, 0x91, 0x00, 0x00, 0x7a, 0x18, 0x83, 
    0xc1, 0x49, 0x00, 0x00, 0xd2, 0x31, 0x7c, 0xe0, 
    0x4c, 0x00, 0x00, 0x8a, 0xc6, 0x01, 0x78, 0x26, 
    0x00, 0x00, 0x89, 0x18, 0x07, 0x07, 0x22, 0x00, 
    0x00, 0x46, 0x2c, 0xf8, 0x80, 0x33, 0x00, 0x00, 
    0x38, 0xe4, 0x00, 0xe0, 0x31, 0x00, 0x00, 0xe0, 
    0x24, 0x1f, 0x7f, 0x38, 0x00, 0x00, 0x00, 0x13, 
    0xe0, 0x3d, 0x3c, 0x00, 0x00, 0x00, 0x0c, 0xe0, 
    0x00, 0x3c, 0x00, 0x00, 0x00, 0x00, 0xc0, 0x0e, 
    0x7e, 0x00, 0x00, 0x00, 0x00, 0x80, 0x79, 0x7c, 
    0x00, 0x00, 0x00, 0x00, 0x80, 0xc8, 0x71, 0x00, 
    0x00, 0x00, 0x00, 0x80, 0x84, 0x76, 0x00, 0x00, 
    0x00, 0x00, 0x80, 0x45, 0x3c, 0x00, 0x00, 0x00, 
    0x00, 0x00, 0x46, 0x24, 0x00, 0x00, 0x00, 0x00, 
    0x00, 0x38, 0x12, 0x00, 0x00, 0x00, 0x00, 0x00, 
    0xe0, 0x12, 0x00, 0x00, 0x00, 0x00, 0x00, 0x00, 
    0x0b, 0x00, 0x00, 0x00, 0x00, 0x00, 0x00, 0x04, 
    0x00, 0x00};

static unsigned char tiger2_bits[] = {
    0x00, 0x00, 0x80, 0x01, 0x00, 0x00, 0x00, 0x00, 
    0x00, 0x40, 0x02, 0x00, 0x00, 0x00, 0x00, 0x00, 
    0x20, 0x05, 0x00, 0x00, 0x00, 0x00, 0x00, 0x90, 
    0x08, 0x00, 0x00, 0x00, 0x00, 0x00, 0x78, 0x18, 
    0x00, 0x00, 0x00, 0x00, 0x00, 0x7c, 0x24, 0x00, 
    0x00, 0x00, 0x00, 0x00, 0xfc, 0x42, 0x00, 0x00, 
    0x00, 0x00, 0x00, 0x0c, 0xc1, 0x00, 0x00, 0x00, 
    0x00, 0x00, 0x04, 0x22, 0x01, 0x00, 0x00, 0x00, 
    0x00, 0x04, 0x14, 0x01, 0x00, 0x00, 0x00, 0x00, 
    0x04, 0x88, 0x00, 0x00, 0x00, 0x00, 0x00, 0xf4, 
    0x53, 0x00, 0x00, 0x00, 0x00, 0x00, 0xfc, 0x67, 
    0x00, 0x00, 0x00, 0x00, 0x00, 0x0e, 0x8c, 0x00, 
    0x00, 0x00, 0x00, 0x00, 0x01, 0x10, 0x01, 0x00, 
    0x00, 0x00, 0x80, 0xf0, 0x21, 0x02, 0x00, 0x00, 
    0x00, 0x40, 0x0c, 0x46, 0x02, 0x00, 0x00, 0x00, 
    0x20, 0x02, 0x88, 0x04, 0x00, 0x00, 0xe0, 0x3f, 
    0x01, 0x10, 0x39, 0x06, 0x00, 0xf0, 0x30, 0x01, 
    0x10, 0x59, 0x09, 0x00, 0x78, 0x98, 0x00, 0x20, 
    0x99, 0x18, 0x00, 0x74, 0x98, 0x00, 0x20, 0x59, 
    0x24, 0x00, 0x72, 0x98, 0x40, 0x20, 0x99, 0x42, 
    0x00, 0x49, 0x98, 0x00, 0x20, 0x39, 0xa1, 0x00, 
    0x85, 0x98, 0x00, 0x20, 0x79, 0x12, 0x01, 0x42, 
    0x19, 0x01, 0x10, 0x71, 0x0c, 0x02, 0x24, 0x32, 
    0x01, 0x10, 0x63, 0x08, 0x05, 0x18, 0x24, 0x02, 
    0x08, 0x23, 0x90, 0x04, 0x10, 0x4a, 0x0c, 0x06, 
    0x33, 0x64, 0x02, 0x20, 0x91, 0xf0, 0x01, 0x33, 
    0xce, 0x01, 0xc0, 0x18, 0x01, 0x00, 0x1b, 0x7f, 
    0x00, 0x80, 0x24, 0x02, 0x00, 0x1b, 0x7f, 0x00, 
    0x00, 0x43, 0xfc, 0xff, 0x89, 0x3f, 0x00, 0x00, 
    0x80, 0x01, 0xfc, 0xc4, 0x1f, 0x00, 0x00, 0x00, 
    0x02, 0x00, 0x22, 0x00, 0x00, 0x00, 0x00, 0xfc, 
    0xc1, 0x11, 0x00, 0x00, 0x00, 0x00, 0xfc, 0xf3, 
    0x08, 0x00, 0x00, 0x00, 0x00, 0x84, 0x3f, 0x04, 
    0x00, 0x00, 0x00, 0x00, 0x28, 0x07, 0x02, 0x00, 
    0x00, 0x00, 0x00, 0x50, 0x00, 0x03, 0x00, 0x00, 
    0x00, 0x00, 0x88, 0xc0, 0x03, 0x00, 0x00, 0x00, 
    0x00, 0x44, 0xe1, 0x03, 0x00, 0x00, 0x00, 0x00, 
    0x24, 0xf2, 0x03, 0x00, 0x00, 0x00, 0x00, 0x18, 
    0xe6, 0x03, 0x00, 0x00, 0x00, 0x00, 0x10, 0xc9, 
    0x03, 0x00, 0x00, 0x00, 0x00, 0xa0, 0xd0, 0x01, 
    0x00, 0x00, 0x00, 0x00, 0x40, 0xf0, 0x00, 0x00, 
    0x00, 0x00, 0x00, 0x80, 0x28, 0x00, 0x00, 0x00, 
    0x00, 0x00, 0x00, 0x25, 0x00, 0x00, 0x00, 0x00, 
    0x00, 0x00, 0x12, 0x00, 0x00, 0x00, 0x00, 0x00, 
    0x00, 0x0c, 0x00, 0x00, 0x00};

static unsigned char tiger3_bits[] = {
    0x00, 0x00, 0x00, 0x40, 0x00, 0x00, 0x00, 0x00, 
    0x00, 0xb8, 0x00, 0x00, 0x00, 0x00, 0x00, 0x84, 
    0x00, 0x00, 0x00, 0x00, 0x80, 0x6f, 0x01, 0x00, 
    0x00, 0x00, 0xc0, 0x1f, 0x01, 0x00, 0x00, 0x00, 
    0x60, 0x0f, 0x03, 0x00, 0x00, 0x00, 0x20, 0x9c, 
    0x02, 0x00, 0x00, 0x00, 0x20, 0x70, 0x02, 0x00, 
    0x00, 0x00, 0x20, 0x10, 0x04, 0x00, 0x00, 0x00, 
    0x20, 0x20, 0x04, 0x00, 0x00, 0x00, 0xfc, 0xa7, 
    0x0b, 0x00, 0xc0, 0x03, 0x07, 0xcf, 0x08, 0x00, 
    0xe0, 0xcc, 0x00, 0x58, 0x04, 0x00, 0xe0, 0x30, 
    0xf8, 0x90, 0x03, 0x00, 0x7c, 0x10, 0x06, 0x23, 
    0x01, 0x00, 0x63, 0x10, 0x01, 0x24, 0x01, 0x00, 
    0x79, 0x98, 0x00, 0x68, 0x02, 0x00, 0x47, 0x88, 
    0x00, 0x48, 0x02, 0x00, 0xc2, 0x4c, 0x00, 0x50, 
    0x02, 0x00, 0xb2, 0x4c, 0x00, 0x90, 0x02, 0x00, 
    0x8c, 0x4c, 0x20, 0x90, 0x02, 0x00, 0x84, 0x49, 
    0x00, 0x90, 0x0c, 0x00, 0xc8, 0x49, 0x00, 0x90, 
    0x1c, 0x00, 0x38, 0x89, 0x00, 0x88, 0xfc, 0x01, 
    0x08, 0x91, 0x00, 0x48, 0x26, 0x01, 0xd0, 0x12, 
    0x01, 0x44, 0x12, 0x02, 0x30, 0x22, 0x06, 0x43, 
    0x96, 0x03, 0x00, 0x42, 0xf8, 0x20, 0x76, 0x04, 
    0x00, 0x84, 0x00, 0x20, 0x26, 0x04, 0x00, 0x08, 
    0x01, 0x30, 0x27, 0x0c, 0x00, 0x10, 0x06, 0x38, 
    0x63, 0x0b, 0x00, 0x70, 0x08, 0x9c, 0xc1, 0x08, 
    0x00, 0xf0, 0xf0, 0x8f, 0x41, 0x10, 0x00, 0xa0, 
    0xe1, 0xe3, 0x90, 0x1c, 0x00, 0x30, 0x03, 0x30, 
    0xbc, 0x23, 0x00, 0x4c, 0x0f, 0x18, 0x3e, 0x11, 
    0x00, 0x42, 0xfe, 0x87, 0xff, 0x0d, 0x00, 0x62, 
    0x00, 0xe0, 0xff, 0x03, 0x00, 0xba, 0x00, 0x18, 
    0xf0, 0x00, 0x00, 0x84, 0x00, 0x07, 0x00, 0x00, 
    0x00, 0x04, 0xe1, 0x01, 0x00, 0x00, 0x00, 0xc8, 
    0xf9, 0x01, 0x00, 0x00, 0x00, 0x38, 0xfb, 0x00, 
    0x00, 0x00, 0x00, 0x08, 0x72, 0x00, 0x00, 0x00, 
    0x00, 0x10, 0x76, 0x00, 0x00, 0x00, 0x00, 0x90, 
    0x3f, 0x00, 0x00, 0x00, 0x00, 0x60, 0x18, 0x00, 
    0x00, 0x00, 0x00, 0x20, 0x07, 0x00, 0x00, 0x00, 
    0x00, 0xc0, 0x00, 0x00, 0x00, 0x00};

static unsigned char *tiger_bitmap[tiger_views] = {
	tiger0_bits,
	tiger1_bits,
	tiger2_bits,
	tiger3_bits
};
