/*
** Information about the tornado object
*/

#define tornado_views 16

static Picinfo tornado_picinfo[tornado_views] = {
	{ { {-9,0} },
	  { {-18,-13,18,-13,36,0,0.000000,-13,-18,-13,18,-13},
	    {18,-13,18,13,0,26,9999999.000000,-179999995,18,-13,18,13},
	    {18,13,-18,13,-36,0,0.000000,13,-18,13,18,13},
	    {-18,13,-18,-13,0,-26,-9999999.000000,-179999969,-18,-13,-18,13} } },
	{ { {-8,-3} },
	  { {-12,-19,22,-5,34,14,0.411765,-14,-12,-19,22,-5},
	    {22,-5,12,19,-10,24,-2.400000,47,12,-5,22,19},
	    {12,19,-22,5,-34,-14,0.411765,14,-22,5,12,19},
	    {-22,5,-12,-19,10,-24,-2.400000,-47,-22,-19,-12,5} } },
	{ { {-6,-6} },
	  { {-4,-22,22,4,26,26,1.000000,-18,-4,-22,22,4},
	    {22,4,4,22,-18,18,-1.000000,26,4,4,22,22},
	    {4,22,-22,-4,-26,-26,1.000000,18,-22,-4,4,22},
	    {-22,-4,-4,-22,18,-18,-1.000000,-26,-22,-22,-4,-4} } },
	{ { {-3,-8} },
	  { {5,-22,19,12,14,34,2.428571,-34,5,-22,19,12},
	    {19,12,-5,22,-24,10,-0.416667,19,-5,12,19,22},
	    {-5,22,-19,-12,-14,-34,2.428571,34,-19,-12,-5,22},
	    {-19,-12,5,-22,24,-10,-0.416667,-19,-19,-22,5,-12} } },
	{ { {0,-9} },
	  { {13,-18,13,18,0,36,9999999.000000,-130000005,13,-18,13,18},
	    {13,18,-13,18,-26,0,0.000000,18,-13,18,13,18},
	    {-13,18,-13,-18,0,-36,-9999999.000000,-129999969,-13,-18,-13,18},
	    {-13,-18,13,-18,26,0,0.000000,-18,-13,-18,13,-18} } },
	{ { {3,-8} },
	  { {19,-12,5,22,-14,34,-2.428571,34,5,-12,19,22},
	    {5,22,-19,12,-24,-10,0.416667,19,-19,12,5,22},
	    {-19,12,-5,-22,14,-34,-2.428571,-34,-19,-22,-5,12},
	    {-5,-22,19,-12,24,10,0.416667,-19,-5,-22,19,-12} } },
	{ { {6,-6} },
	  { {22,-4,-4,22,-26,26,-1.000000,18,-4,-4,22,22},
	    {-4,22,-22,4,-18,-18,1.000000,26,-22,4,-4,22},
	    {-22,4,4,-22,26,-26,-1.000000,-18,-22,-22,4,4},
	    {4,-22,22,-4,18,18,1.000000,-26,4,-22,22,-4} } },
	{ { {8,-3} },
	  { {22,5,-12,19,-34,14,-0.411765,14,-12,5,22,19},
	    {-12,19,-22,-5,-10,-24,2.400000,47,-22,-5,-12,19},
	    {-22,-5,12,-19,34,-14,-0.411765,-14,-22,-19,12,-5},
	    {12,-19,22,5,10,24,2.400000,-47,12,-19,22,5} } },
	{ { {9,0} },
	  { {18,13,-18,13,-36,0,0.000000,13,-18,13,18,13},
	    {-18,13,-18,-13,0,-26,-9999999.000000,-179999969,-18,-13,-18,13},
	    {-18,-13,18,-13,36,0,0.000000,-13,-18,-13,18,-13},
	    {18,-13,18,13,0,26,9999999.000000,-179999995,18,-13,18,13} } },
	{ { {8,3} },
	  { {12,19,-22,5,-34,-14,0.411765,14,-22,5,12,19},
	    {-22,5,-12,-19,10,-24,-2.400000,-47,-22,-19,-12,5},
	    {-12,-19,22,-5,34,14,0.411765,-14,-12,-19,22,-5},
	    {22,-5,12,19,-10,24,-2.400000,47,12,-5,22,19} } },
	{ { {6,6} },
	  { {4,22,-22,-4,-26,-26,1.000000,18,-22,-4,4,22},
	    {-22,-4,-4,-22,18,-18,-1.000000,-26,-22,-22,-4,-4},
	    {-4,-22,22,4,26,26,1.000000,-18,-4,-22,22,4},
	    {22,4,4,22,-18,18,-1.000000,26,4,4,22,22} } },
	{ { {3,8} },
	  { {-5,22,-19,-12,-14,-34,2.428571,34,-19,-12,-5,22},
	    {-19,-12,5,-22,24,-10,-0.416667,-19,-19,-22,5,-12},
	    {5,-22,19,12,14,34,2.428571,-34,5,-22,19,12},
	    {19,12,-5,22,-24,10,-0.416667,19,-5,12,19,22} } },
	{ { {0,9} },
	  { {-13,18,-13,-18,0,-36,-9999999.000000,-129999969,-13,-18,-13,18},
	    {-13,-18,13,-18,26,0,0.000000,-18,-13,-18,13,-18},
	    {13,-18,13,18,0,36,9999999.000000,-130000005,13,-18,13,18},
	    {13,18,-13,18,-26,0,0.000000,18,-13,18,13,18} } },
	{ { {-3,8} },
	  { {-19,12,-5,-22,14,-34,-2.428571,-34,-19,-22,-5,12},
	    {-5,-22,19,-12,24,10,0.416667,-19,-5,-22,19,-12},
	    {19,-12,5,22,-14,34,-2.428571,34,5,-12,19,22},
	    {5,22,-19,12,-24,-10,0.416667,19,-19,12,5,22} } },
	{ { {-6,6} },
	  { {-22,4,4,-22,26,-26,-1.000000,-18,-22,-22,4,4},
	    {4,-22,22,-4,18,18,1.000000,-26,4,-22,22,-4},
	    {22,-4,-4,22,-26,26,-1.000000,18,-4,-4,22,22},
	    {-4,22,-22,4,-18,-18,1.000000,26,-22,4,-4,22} } },
	{ { {-8,3} },
	  { {-22,-5,12,-19,34,-14,-0.411765,-14,-22,-19,12,-5},
	    {12,-19,22,5,10,24,2.400000,-47,12,-19,22,5},
	    {22,5,-12,19,-34,14,-0.411765,14,-12,5,22,19},
	    {-12,19,-22,-5,-10,-24,2.400000,47,-22,-5,-12,19} } }
};

static Picture tornado_pic[tornado_views] = {
      { 37, 27, 18, 13 },
      { 39, 36, 19, 17 },
      { 40, 40, 20, 19 },
      { 36, 39, 17, 19 } 
};

static Object tornado_obj = {
	"tornado",
	tornado_views,
	tornado_pic,
	1,			/* num_turrets */
	4,			/* num_segs */
	tornado_picinfo
};

static unsigned char tornado0_bits[] = {
    0xf0, 0xff, 0xff, 0xff, 0x01, 0x48, 0x92, 0x24, 
    0x49, 0x02, 0x48, 0x92, 0x24, 0x49, 0x02, 0xf8, 
    0xbf, 0x24, 0x49, 0x02, 0x0c, 0xe0, 0x7f, 0x49, 
    0x02, 0x82, 0x0f, 0x80, 0xff, 0x01, 0xe2, 0x3f, 
    0x00, 0x00, 0x07, 0x71, 0x70, 0x00, 0x00, 0x0c, 
    0x19, 0xc0, 0x3e, 0x00, 0x18, 0x09, 0x80, 0xfc, 
    0x3f, 0x10, 0x0d, 0x80, 0xc1, 0xff, 0x13, 0x05, 
    0x00, 0x01, 0xc0, 0x13, 0x05, 0x00, 0x01, 0x00, 
    0x18, 0x05, 0x02, 0x01, 0x00, 0x08, 0x05, 0x00, 
    0x01, 0x00, 0x18, 0x05, 0x00, 0x01, 0xc0, 0x13, 
    0x0d, 0x80, 0xc1, 0xff, 0x13, 0x09, 0x80, 0xfc, 
    0x3f, 0x10, 0x19, 0xc0, 0x3e, 0x00, 0x18, 0x71, 
    0x70, 0x00, 0x00, 0x0c, 0xe2, 0x3f, 0x00, 0x00, 
    0x07, 0x82, 0x0f, 0x80, 0xff, 0x01, 0x0c, 0xe0, 
    0x7f, 0x49, 0x02, 0xf8, 0xbf, 0x24, 0x49, 0x02, 
    0x48, 0x92, 0x24, 0x49, 0x02, 0x48, 0x92, 0x24, 
    0x49, 0x02, 0xf0, 0xff, 0xff, 0xff, 0x01};

static unsigned char tornado1_bits[] = {
    0x00, 0x3c, 0x00, 0x00, 0x00, 0x00, 0xe2, 0x00, 
    0x00, 0x00, 0x00, 0x96, 0x07, 0x00, 0x00, 0x80, 
    0x9b, 0x1c, 0x00, 0x00, 0x40, 0xe0, 0x64, 0x00, 
    0x00, 0x20, 0x80, 0xa7, 0x03, 0x00, 0x10, 0x7f, 
    0x14, 0x0f, 0x00, 0x90, 0xff, 0x1d, 0x79, 0x00, 
    0xc8, 0xc1, 0xb3, 0xc8, 0x01, 0x68, 0x00, 0xc3, 
    0x49, 0x06, 0x24, 0x00, 0x06, 0x66, 0x3a, 0x34, 
    0x00, 0x06, 0x28, 0x51, 0x14, 0x00, 0x2c, 0x30, 
    0x49, 0x12, 0x00, 0xec, 0xe0, 0x49, 0x1a, 0x08, 
    0xec, 0x03, 0x47, 0x19, 0x00, 0x04, 0x07, 0x3c, 
    0x19, 0x00, 0x04, 0x1e, 0x18, 0x39, 0x00, 0x06, 
    0x7c, 0x30, 0x31, 0x00, 0x02, 0xf0, 0x61, 0x71, 
    0x00, 0x03, 0x80, 0x43, 0xe3, 0xc1, 0x01, 0x00, 
    0x4f, 0xc2, 0xff, 0x00, 0x00, 0x4e, 0x8e, 0x3f, 
    0x0e, 0x00, 0x40, 0x79, 0x00, 0xfe, 0x01, 0x20, 
    0xc9, 0x03, 0xf8, 0x07, 0x30, 0x4e, 0x3e, 0x00, 
    0xff, 0x08, 0x78, 0xd2, 0x00, 0xf8, 0x13, 0xc0, 
    0x11, 0x07, 0x00, 0x11, 0x00, 0x0f, 0xf9, 0x00, 
    0x08, 0x00, 0x98, 0x44, 0x03, 0x08, 0x00, 0xe0, 
    0x24, 0x1d, 0x06, 0x00, 0x80, 0x27, 0xe9, 0x03, 
    0x00, 0x00, 0x1c, 0x49, 0x00, 0x00, 0x00, 0xf0, 
    0x44, 0x00, 0x00, 0x00, 0x80, 0x25, 0x00, 0x00, 
    0x00, 0x00, 0x3e, 0x00};

static unsigned char tornado2_bits[] = {
    0x00, 0x00, 0x0c, 0x00, 0x00, 0x00, 0x00, 0x12, 
    0x00, 0x00, 0x00, 0xf0, 0x33, 0x00, 0x00, 0x00, 
    0x0c, 0x4a, 0x00, 0x00, 0x00, 0x02, 0xc4, 0x00, 
    0x00, 0x00, 0xe1, 0x29, 0x01, 0x00, 0x80, 0xfc, 
    0x17, 0x02, 0x00, 0x40, 0x06, 0x2f, 0x05, 0x00, 
    0x20, 0x01, 0xdc, 0x08, 0x00, 0x90, 0x00, 0x98, 
    0x14, 0x00, 0xc8, 0x00, 0x38, 0x23, 0x00, 0x48, 
    0x00, 0x30, 0x61, 0x00, 0x44, 0x00, 0x30, 0x92, 
    0x00, 0x64, 0x20, 0x30, 0x0c, 0x01, 0x64, 0x00, 
    0x30, 0x88, 0x02, 0x64, 0x00, 0x10, 0x50, 0x04, 
    0xe4, 0x00, 0x98, 0x20, 0x0a, 0xce, 0x00, 0x88, 
    0x21, 0x11, 0xd1, 0x01, 0x84, 0xc3, 0x28, 0xa9, 
    0x07, 0x03, 0x87, 0x44, 0x46, 0xff, 0x01, 0x06, 
    0xa3, 0xa4, 0x7c, 0x00, 0x0c, 0x92, 0x18, 0x01, 
    0x00, 0x1c, 0x8c, 0x90, 0x06, 0x07, 0x38, 0x48, 
    0x60, 0x08, 0x0e, 0x70, 0x38, 0x40, 0x14, 0x1c, 
    0xe0, 0x10, 0x80, 0x22, 0x78, 0xc0, 0x10, 0x00, 
    0x61, 0xf0, 0xc0, 0x11, 0x00, 0x92, 0xc0, 0x81, 
    0x13, 0x00, 0x8c, 0x81, 0x03, 0x13, 0x00, 0x48, 
    0x06, 0x07, 0x10, 0x00, 0x30, 0x0c, 0x1e, 0x08, 
    0x00, 0x20, 0x12, 0x38, 0x07, 0x00, 0x40, 0x31, 
    0x30, 0x01, 0x00, 0x80, 0x48, 0x00, 0x01, 0x00, 
    0x00, 0xc5, 0x81, 0x00, 0x00, 0x00, 0x22, 0x7f, 
    0x00, 0x00, 0x00, 0x14, 0x01, 0x00, 0x00, 0x00, 
    0x88, 0x00, 0x00, 0x00, 0x00, 0x70, 0x00, 0x00};

static unsigned char tornado3_bits[] = {
    0x00, 0x80, 0x9f, 0x01, 0x00, 0x00, 0x60, 0x70, 
    0x02, 0x00, 0x00, 0x1c, 0x40, 0x02, 0x00, 0x00, 
    0xc3, 0xc3, 0x07, 0x00, 0xc0, 0xf8, 0x8f, 0x04, 
    0x00, 0x20, 0x0e, 0x9e, 0x04, 0x00, 0x10, 0x03, 
    0xb8, 0x0f, 0x00, 0x88, 0x01, 0x70, 0x09, 0x00, 
    0xc8, 0x01, 0x70, 0x19, 0x00, 0xce, 0x00, 0x60, 
    0x17, 0x00, 0xc5, 0x00, 0x60, 0x12, 0x00, 0xc9, 
    0x40, 0x60, 0x32, 0x00, 0xcd, 0x00, 0x60, 0x2e, 
    0x00, 0xd3, 0x00, 0x60, 0x42, 0x00, 0xd2, 0x01, 
    0x30, 0x44, 0x00, 0xbe, 0x01, 0x30, 0xe4, 0x00, 
    0xa4, 0x03, 0x18, 0x98, 0x00, 0x24, 0x0f, 0xce, 
    0x88, 0x00, 0xfc, 0xfc, 0xc3, 0xe8, 0x01, 0x88, 
    0x70, 0xc0, 0x11, 0x01, 0xc8, 0x01, 0x80, 0x11, 
    0x03, 0x30, 0x71, 0x80, 0xd1, 0x02, 0x10, 0x62, 
    0x80, 0x31, 0x02, 0x20, 0x63, 0x80, 0x11, 0x06, 
    0xe0, 0xc2, 0x80, 0xe3, 0x05, 0x60, 0xc4, 0x01, 
    0x23, 0x08, 0x40, 0x84, 0x03, 0x43, 0x0e, 0xc0, 
    0x0b, 0x03, 0xc6, 0x09, 0x80, 0x10, 0x07, 0x46, 
    0x08, 0x80, 0x3c, 0x06, 0x86, 0x0c, 0x80, 0x27, 
    0x06, 0x86, 0x03, 0x00, 0x21, 0x0c, 0x86, 0x00, 
    0x00, 0x79, 0x1c, 0x8c, 0x00, 0x00, 0x46, 0x38, 
    0xc4, 0x00, 0x00, 0xc2, 0x30, 0x40, 0x00, 0x00, 
    0xb4, 0x31, 0x32, 0x00, 0x00, 0x8c, 0x03, 0x0d, 
    0x00, 0x00, 0x84, 0x86, 0x01, 0x00, 0x00, 0x78, 
    0x7c, 0x00, 0x00};

static unsigned char *tornado_bitmap[tornado_views] = {
	tornado0_bits,
	tornado1_bits,
	tornado2_bits,
	tornado3_bits
};
